 2020  124 1755 04.00 L  38.379  39.090 12.2  HKR 22 0.1                 5.5 CNET1
 2020  124 1755 10.90 L  38.397  39.173  9.4  HKR 22 0.1                 6.8 CNET1
 2020  124 1801 58.9  L  38.368  39.131  5.6  HKR  9 0.1                 3.8 CNET1
 2020  124 1804 36.9  L  38.366  39.069  3.9  HKR 12 0.2                 3.9 CNET1
 2020  124 1806 38.7  L  38.376  39.122  6.1  HKR 11 0.2                 3.8 CNET1
 2020  124 1808  5.3  L  38.414  39.225  9.9  HKR 19 0.1                 4.5 CNET1
 2020  124 1812 20.2  L  38.419  39.191 12.5  HKR  7 0.2                 3.9 CNET1
 2020  124 1813 58.10 L  38.272  38.704  9.0  HKR  5 0.1                 2.9 CNET1
 2020  124 1814  0.20 L  38.460  39.241 11.4  HKR  6 0.2                 2.8 CNET1
 2020  124 1815 37.80 L  38.492  39.310 12.3  HKR 10 0.2                 3.0 CNET1
 2020  124 1816  7.7  L  38.348  39.085  2.6  HKR 11 0.2                 3.3 CNET1
 2020  124 1817  9.1  L  38.292  38.820 12.0  HKR 15 0.1                 3.4 CNET1
 2020  124 1817 57.7  L  38.378  38.940 10.3  HKR 15 0.1                 4.0 CNET1
 2020  124 1821 49.3  L  38.388  38.959 10.7  HKR 14 0.2                 3.5 CNET1
 2020  124 1822 38.2  L  38.376  39.137  6.9  HKR  6 0.2                 2.9 CNET1
 2020  124 1824 43.1  L  38.252  38.845  1.8  HKR 12 0.1                 4.0 CNET1
 2020  124 1825 12.5  L  38.271  38.823  4.0  HKR  7 0.2                 3.5 CNET1
 2020  124 1825 44.8  L  38.399  39.160  5.7  HKR  8 0.1                 3.5 CNET1
 2020  124 1826 18.4  L  38.345  39.035 12.9  HKR  6 0.2                 3.9 CNET1
 2020  124 1828 37.3  L  38.273  38.721 11.2  HKR 10 0.1                 3.0 CNET1
 2020  124 1829 18.7  L  38.341  38.971 10.5  HKR 14 0.1                 3.2 CNET1
 2020  124 1832 35.1  L  38.362  39.060  6.8  HKR 19 0.2                 4.6 CNET1
 2020  124 1834 49.5  L  38.333  38.969 11.5  HKR 14 0.2                 3.5 CNET1
 2020  124 1836 22.2  L  38.264  38.725 12.2  HKR 13 0.2                 4.3 CNET1
 2020  124 1838 34.5  L  38.514  39.320 12.2  HKR 16 0.2                 3.3 CNET1
 2020  124 1839 28.0  L  38.269  38.821  4.8  HKR 12 0.2                 3.2 CNET1
 2020  124 1843 22.0  L  38.386  39.102  5.1  HKR 15 0.2                 3.9 CNET1
 2020  124 1847 11.0  L  38.314  38.861  9.4  HKR 16 0.1                 3.6 CNET1
 2020  124 1850 59.8  L  38.491  39.305 11.6  HKR 20 0.2                 3.2 CNET1
 2020  124 1854 10.7  L  38.284  38.789 13.5  HKR 14 0.1                 3.5 CNET1
 2020  124 1856 32.9  L  38.459  39.277  8.4  HKR 18 0.1                 3.1 CNET1
 2020  124 1859  8.4  L  38.441  39.254  7.3  HKR 15 0.1                 3.9 CNET1
 2020  124 1900 30.7  L  38.428  39.247 10.3  HKR 16 0.2                 3.6 CNET1
 2020  124 1902  0.8  L  38.275  38.719 14.1  HKR  9 0.1                 3.0 CNET1
 2020  124 1903  7.5  L  38.254  38.733 12.6  HKR 14 0.1                 4.6 CNET1
 2020  124 1905 20.9  L  38.303  38.843 11.9  HKR  8 0.2                 2.9 CNET1
 2020  124 1905 53.3  L  38.259  38.727 13.1  HKR 12 0.1                 3.4 CNET1
 2020  124 1909  2.6  L  38.438  39.237  7.6  HKR 11 0.1                 2.9 CNET1
 2020  124 1913 11.7  L  38.353  39.104  4.1  HKR 14 0.1                 2.9 CNET1
 2020  124 1915 41.7  L  38.432  39.228  5.6  HKR  9 0.2                 2.7 CNET1
 2020  124 1921 13.4  L  38.278  38.721  1.6  HKR 11 0.2                 2.6 CNET1
 2020  124 1925 56.2  L  38.276  38.721  9.3  HKR 11 0.1                 2.9 CNET1
 2020  124 1927 42.5  L  38.438  39.245  8.6  HKR 18 0.2                 2.9 CNET1
 2020  124 1929 19.6  L  38.417  39.244  9.7  HKR  7 0.2                 2.7 CNET1
 2020  124 1930 18.0  L  38.332  39.051  4.1  HKR 16 0.2                 3.1 CNET1
 2020  124 1931 45.6  L  38.287  38.739  8.6  HKR 15 0.1                 2.7 CNET1
 2020  124 1935 31.1  L  38.498  39.324 11.6  HKR 16 0.2                 2.9 CNET1
 2020  124 1938 30.4  L  38.351  39.079  4.9  HKR 16 0.2                 2.9 CNET1
 2020  124 1939 57.4  L  38.378  39.157  0.2  HKR 19 0.2                 3.6 CNET1
 2020  124 1943 41.6  L  38.358  39.088 10.9  HKR 18 0.1                 3.6 CNET1
 2020  124 1944 42.0  L  38.265  38.723  9.4  HKR 15 0.2                 3.0 CNET1
 2020  124 1945  8.0  L  38.246  38.838  2.3  HKR 13 0.1                 3.0 CNET1
 2020  124 1946 28.8  L  38.496  39.329 12.0  HKR 15 0.2                 3.4 CNET1
 2020  124 1949  1.0  L  38.396  39.155  6.0  HKR 11 0.2                 2.8 CNET1
 2020  124 1949 37.7  L  38.398  39.176  3.1  HKR 21 0.2                 4.5 CNET1
 2020  124 1955 28.2  L  38.256  38.699  9.7  HKR 14 0.2                 3.1 CNET1
 2020  124 1957  0.6  L  38.299  38.965  3.1  HKR  9 0.2                 3.0 CNET1
 2020  124 1957 19.60 L  38.280  38.742  8.0  HKR 15 0.1                 3.1 CNET1
 2020  124 2000  7.3  L  38.317  38.828  9.2  HKR 12 0.2                 2.5 CNET1
 2020  124 2001 10.3  L  38.335  38.984  8.6  HKR 17 0.1                 2.7 CNET1
 2020  124 2005 57.0  L  38.444  39.276 12.8  HKR 21 0.2                 3.2 CNET1
 2020  124 2010 43.2  L  38.334  38.984  9.3  HKR 12 0.2                 2.8 CNET1
 2020  124 2013 54.80 L  38.475  39.321 12.6  HKR 10 0.1                 2.9 CNET1
 2020  124 2014 19.0  L  38.360  39.073  7.4  HKR 13 0.1                 2.9 CNET1
 2020  124 2016 23.5  L  38.360  39.083  1.8  HKR 13 0.1                 2.8 CNET1
 2020  124 2017  9.8  L  38.285  38.772  8.0  HKR 14 0.1                 3.3 CNET1
 2020  124 2018 18.4  L  38.264  38.761 10.1  HKR 17 0.2                 4.1 CNET1
 2020  124 2026 45.0  L  38.306  38.892 10.6  HKR 15 0.1                 3.1 CNET1
 2020  124 2029 18.2  L  38.497  39.337  0.8  HKR  7 0.2                 2.4 CNET1
 2020  124 2033 50.9  L  38.475  39.309 13.4  HKR 16 0.1                 3.2 CNET1
 2020  124 2035 15.10 L  38.335  38.942  7.4  HKR  9 0.1                 2.7 CNET1
 2020  124 2038 42.0  L  38.326  38.838 12.2  HKR 14 0.1                 2.7 CNET1
 2020  124 2040 42.4  L  38.407  39.143  2.1  HKR  8 0.1                 2.2 CNET1
 2020  124 2042 10.9  L  38.387  39.114  4.3  HKR 23 0.2                 4.0 CNET1
 2020  124 2045  3.1  L  38.422  39.156  5.4  HKR 18 0.2                 4.3 CNET1
 2020  124 2048  1.4  L  38.366  39.058  4.0  HKR 13 0.2                 2.6 CNET1
 2020  124 2048 29.10 L  38.449  39.345  3.8  HKR  6 0.1                 3.1 CNET1
 2020  124 2049 38.80 L  38.313  39.099  4.4  HKR 10 0.2                 3.0 CNET1
 2020  124 2055 21.1  L  38.448  39.303  1.8  HKR 17 0.2                 3.0 CNET1
 2020  124 2056 49.0  L  38.368  39.058  9.1  HKR 16 0.1                 2.8 CNET1
 2020  124 2058 52.1  L  38.362  39.086  4.6  HKR 16 0.2                 2.9 CNET1
 2020  124 2100 13.5  L  38.342  39.090  6.6  HKR 15 0.2                 3.4 CNET1
 2020  124 2101 27.6  L  38.316  38.933 14.1  HKR 10 0.2                 2.5 CNET1
 2020  124 2104 18.6  L  38.461  39.244  5.9  HKR  9 0.2                 2.4 CNET1
 2020  124 2105 10.7  L  38.369  39.052 12.2  HKR 12 0.2                 2.5 CNET1
 2020  124 2110 23.3  L  38.454  39.340  4.5  HKR  8 0.1                 2.8 CNET1
 2020  124 2113 42.8  L  38.417  39.249 10.4  HKR  9 0.1                 2.7 CNET1
 2020  124 2113 55.40 L  38.437  39.296  2.0  HKR  4 0.0                 2.7 CNET1
 2020  124 2116 13.1  L  38.504  39.352 10.3  HKR 12 0.1                 2.7 CNET1
 2020  124 2117 10.2  L  38.491  39.196  4.4  HKR 11 0.2                 2.7 CNET1
 2020  124 2119 11.8  L  38.279  38.748  9.5  HKR 10 0.2                 2.8 CNET1
 2020  124 2121 48.3  L  38.430  39.235  6.0  HKR 11 0.2                 2.9 CNET1
 2020  124 2125 43.6  L  38.339  39.055  4.2  HKR 15 0.1                 2.8 CNET1
 2020  124 2127 57.6  L  38.242  38.783  1.8  HKR 14 0.2                 2.6 CNET1
 2020  124 2134 41.0  L  38.407  39.209  2.0  HKR 15 0.2                 2.9 CNET1
 2020  124 2135 24.3  L  38.442  39.226  8.5  HKR 13 0.2                 2.8 CNET1
 2020  124 2139 13.2  L  38.457  39.352  2.5  HKR 17 0.2                 3.3 CNET1
 2020  124 2141 38.2  L  38.258  38.907 11.8  HKR  8 0.3                 2.2 CNET1
 2020  124 2146 34.4  L  38.487  39.212  7.6  HKR  6 0.1                 2.2 CNET1
 2020  124 2147 28.8  L  38.290  38.921  2.1  HKR 13 0.2                 2.7 CNET1
 2020  124 2150 41.5  L  38.336  38.959  8.7  HKR 14 0.1                 2.6 CNET1
 2020  124 2158 14.70 L  38.335  39.012  4.5  HKR 14 0.2                 2.9 CNET1
 2020  124 2201  6.7  L  38.474  39.391  2.0  HKR  7 0.2                 1.9 CNET1
 2020  124 2201 33.7  L  38.368  39.117  5.3  HKR 15 0.1                 3.5 CNET1
 2020  124 2206 23.3  L  38.482  39.304 10.9  HKR 18 0.2                 2.8 CNET1
 2020  124 2213 25.6  L  38.298  38.827  9.2  HKR 17 0.2                 3.1 CNET1
 2020  124 2215  9.4  L  38.428  39.217  7.5  HKR 11 0.2                 2.6 CNET1
 2020  124 2218 32.2  L  38.364  39.112  2.9  HKR  7 0.1                 2.0 CNET1
 2020  124 2219 28.3  L  38.287  38.967  2.1  HKR 15 0.1                 3.4 CNET1
 2020  124 2221  4.0  L  38.286  38.820 10.4  HKR  6 0.1                 2.5 CNET1
 2020  124 2227  1.8  L  38.264  38.831  2.6  HKR 14 0.1                 2.7 CNET1
 2020  124 2229 54.80 L  38.325  38.930  9.1  HKR 16 0.2                 3.3 CNET1
 2020  124 2231 37.0  L  38.380  39.042  1.2  HKR  6 0.1                 2.5 CNET1
 2020  124 2233  6.4  L  38.296  38.715  4.5  HKR 12 0.2                 2.3 CNET1
 2020  124 2233 46.8  L  38.487  39.323 12.3  HKR 17 0.2                 2.9 CNET1
 2020  124 2238  2.5  L  38.420  39.255  2.2  HKR 10 0.2                 2.5 CNET1
 2020  124 2240 54.6  L  38.376  39.115  3.2  HKR 15 0.1                 2.9 CNET1
 2020  124 2241  4.2  L  38.353  39.089  7.9  HKR 10 0.2                 3.0 CNET1
 2020  124 2243  4.1  L  38.378  39.127 12.2  HKR  6 0.2                 2.0 CNET1
 2020  124 2252 14.5  L  38.434  39.234 10.5  HKR  5 0.1                 2.5 CNET1
 2020  124 2254 59.5  L  38.436  39.226  9.6  HKR  4 0.0                 1.6 CNET1
 2020  124 2307  6.5  L  38.504  39.299 11.2  HKR 13 0.2                 2.4 CNET1
 2020  124 2310 19.0  L  38.314  38.877  9.7  HKR 16 0.2                 2.4 CNET1
 2020  124 2314 16.1  L  38.358  39.084  9.7  HKR  7 0.2                 2.3 CNET1
 2020  124 2316 48.7  L  38.420  39.219  8.8  HKR  6 0.1                 1.9 CNET1
 2020  124 2317 24.7  L  38.348  38.984 17.1  HKR  5 0.2                 2.0 CNET1
 2020  124 2320 12.2  L  38.406  39.187  9.3  HKR  7 0.1                 2.1 CNET1
 2020  124 2330 17.3  L  38.355  39.088 10.8  HKR 18 0.1                 3.5 CNET1
 2020  124 2331 52.6  L  38.329  38.962 15.5  HKR  5 0.2                 2.5 CNET1
 2020  124 2334 28.9  L  38.280  38.799  4.7  HKR  5 0.1                 2.3 CNET1
 2020  124 2335 51.00 L  38.422  39.274  1.2  HKR 12 0.2                 2.7 CNET1
 2020  124 2336 23.1  L  38.237  38.774  8.0  HKR  6 0.2                 2.5 CNET1
 2020  124 2347 29.2  L  38.423  39.155  4.0  HKR  9 0.3                 1.8 CNET1
 2020  124 2349 42.0  L  38.381  39.130  2.3  HKR 13 0.2                 2.9 CNET1
 2020  124 2352 11.3  L  38.458  39.330  3.0  HKR 16 0.2                 3.2 CNET1
 2020  124 2356 38.1  L  38.472  39.322  7.7  HKR 14 0.3                 2.3 CNET1
 2020  124 2358 10.6  L  38.393  39.127  4.1  HKR  8 0.2                 2.2 CNET1
 2020  125 0000  9.7  L  38.276  38.783 10.6  HKR 17 0.2                 2.2 CNET1
 2020  125 0001 58.3  L  38.360  39.007 12.0  HKR 10 0.3                 1.6 CNET1
 2020  125 0004 12.9  L  38.377  39.095 11.1  HKR 12 0.2                 1.7 CNET1
 2020  125 0009 31.1  L  38.274  38.846 11.3  HKR  9 0.2                 2.0 CNET1
 2020  125 0011 41.1  L  38.462  39.238  8.1  HKR  5 0.2                 1.6 CNET1
 2020  125 0013 17.1  L  38.271  38.790  8.8  HKR  7 0.1                 2.3 CNET1
 2020  125 0019 48.4  L  38.253  38.842  5.4  HKR 14 0.1                 3.2 CNET1
 2020  125 0020 48.1  L  38.389  39.131  2.2  HKR  7 0.2                 2.2 CNET1
 2020  125 0023 29.3  L  38.326  38.835 14.0  HKR  5 0.1                 2.1 CNET1
 2020  125 0027 26.2  L  38.494  39.311 13.3  HKR 15 0.2                 3.4 CNET1
 2020  125 0028 16.9  L  38.492  39.301 13.4  HKR 11 0.2                 3.2 CNET1
 2020  125 0032 37.0  L  38.503  39.306 12.5  HKR 13 0.2                 2.6 CNET1
 2020  125 0033 49.3  L  38.361  39.108  6.9  HKR 14 0.2                 3.3 CNET1
 2020  125 0038  2.1  L  38.396  39.094  4.8  HKR  9 0.2                 2.3 CNET1
 2020  125 0040  7.6  L  38.360  39.031  5.0  HKR 17 0.1                 2.8 CNET1
 2020  125 0042 49.00 L  38.354  39.103  1.7  HKR 13 0.2                 3.1 CNET1
 2020  125 0044 59.60 L  38.350  39.093  7.00 HKR 10 0.2                 2.6 CNET1
 2020  125 0048 50.4  L  38.469  39.204  7.8  HKR 15 0.2                 4.3 CNET1
 2020  125 0050 48.5  L  38.467  39.205  7.9  HKR 11 0.2                 2.9 CNET1
 2020  125 0052 14.2  L  38.467  39.200  5.9  HKR 12 0.2                 3.0 CNET1
 2020  125 0057 17.2  L  38.365  39.095  9.8  HKR 15 0.1                 3.6 CNET1
 2020  125 0102 34.6  L  38.421  39.253  4.3  HKR 15 0.2                 3.7 CNET1
 2020  125 0103 43.4  L  38.417  39.249  4.2  HKR  5 0.1                 2.9 CNET1
 2020  125 0107 57.4  L  38.402  39.160 10.6  HKR  8 0.2                 2.2 CNET1
 2020  125 0116 32.1  L  38.446  39.234  8.7  HKR 14 0.2                 2.8 CNET1
 2020  125 0116 56.1  L  38.336  39.093  4.1  HKR  6 0.2                 2.8 CNET1
 2020  125 0119 42.8  L  38.316  38.811 12.6  HKR  9 0.1                 2.3 CNET1
 2020  125 0122 57.0  L  38.279  38.778  6.2  HKR 13 0.2                 2.3 CNET1
 2020  125 0126 12.2  L  38.383  39.015  7.5  HKR 10 0.2                 2.0 CNET1
 2020  125 0130 45.3  L  38.443  39.180 10.1  HKR 10 0.2                 2.4 CNET1
 2020  125 0131 50.6  L  38.427  39.225  8.6  HKR  7 0.1                 2.4 CNET1
 2020  125 0140  9.80 L  38.319  38.897 11.40 HKR 13 0.1                 2.9 CNET1
 2020  125 0148 12.7  L  38.253  38.796  5.0  HKR 15 0.1                 3.4 CNET1
 2020  125 0156  2.7  L  38.252  38.818  1.0  HKR  6 0.1                 2.5 CNET1
 2020  125 0158 54.6  L  38.414  39.231  5.0  HKR 11 0.1                 2.9 CNET1
 2020  125 0202 31.3  L  38.405  39.189  6.7  HKR 16 0.2                 2.9 CNET1
 2020  125 0212  4.3  L  38.476  39.225  7.2  HKR  7 0.2                 2.5 CNET1
 2020  125 0213  7.0  L  38.397  39.138  1.1  HKR  7 0.1                 2.5 CNET1
 2020  125 0215 28.1  L  38.363  39.077  5.6  HKR 14 0.2                 2.8 CNET1
 2020  125 0223 55.90 L  38.259  38.767  1.7  HKR 12 0.2                 2.8 CNET1
 2020  125 0225  0.7  L  38.399  39.183 11.5  HKR 12 0.1                 2.8 CNET1
 2020  125 0233 50.0  L  38.442  39.295  8.1  HKR  6 0.0                 2.5 CNET1
 2020  125 0235  4.20 L  38.436  39.278 12.90 HKR 17 0.2                 3.3 CNET1
 2020  125 0257 58.5  L  38.476  39.211  7.8  HKR  8 0.1                 3.2 CNET1
 2020  125 0300 47.4  L  38.357  39.079  3.5  HKR 13 0.1                 2.6 CNET1
 2020  125 0303 19.7  L  38.316  38.828 12.0  HKR 16 0.2                 1.8 CNET1
 2020  125 0312  7.0  L  38.335  39.022  6.5  HKR  6 0.2                 1.6 CNET1
 2020  125 0313 57.6  L  38.491  39.233  1.8  HKR 17 0.2                 2.4 CNET1
 2020  125 0318 43.2  L  38.250  38.703 12.3  HKR 14 0.1                 3.2 CNET1
 2020  125 0320 43.5  L  38.478  39.205  7.6  HKR 12 0.2                 3.4 CNET1
 2020  125 0321  0.6  L  38.385  39.175  3.8  HKR  4 0.1                 3.9 CNET1
 2020  125 0322 49.3  L  38.412  39.247  8.4  HKR  6 0.1                 2.5 CNET1
 2020  125 0325 36.3  L  38.287  38.814  8.3  HKR 14 0.2                 2.6 CNET1
 2020  125 0327 40.4  L  38.376  39.104  2.0  HKR  6 0.1                 2.0 CNET1
 2020  125 0336  9.2  L  38.266  38.780  8.1  HKR 13 0.2                 2.4 CNET1
 2020  125 0338  0.4  L  38.343  39.017  6.2  HKR 10 0.1                 2.6 CNET1
 2020  125 0339 35.4  L  38.401  39.123  4.5  HKR  8 0.3                 2.1 CNET1
 2020  125 0343 38.4  L  38.348  39.014  9.1  HKR 10 0.1                 2.1 CNET1
 2020  125 0346 37.6  L  38.285  38.921  9.8  HKR  7 0.1                 2.3 CNET1
 2020  125 0350  3.4  L  38.263  38.843  0.9  HKR  6 0.4                 1.8 CNET1
 2020  125 0351 56.4  L  38.373  39.119 16.4  HKR  5 0.2                 1.9 CNET1
 2020  125 0356 11.00 L  38.260  38.780  1.24 HKR 11 0.1                 2.6 CNET1
 2020  125 0357 22.6  L  38.350  38.999 10.6  HKR  6 0.2                 2.3 CNET1
 2020  125 0402 29.6  L  38.363  39.093  7.4  HKR 11 0.1                 2.6 CNET1
 2020  125 0421 42.1  L  38.375  39.156 10.6  HKR 18 0.2                 3.7 CNET1
 2020  125 0437 56.7  L  38.356  39.070  1.6  HKR 15 0.3                 3.9 CNET1
 2020  125 0439 52.0  L  38.387  39.165  2.0  HKR  4 0.1                 2.0 CNET1
 2020  125 0442 29.7  L  38.388  39.148  9.7  HKR  6 0.1                 2.0 CNET1
 2020  125 0450  6.50 L  38.236  38.695 14.30 HKR 11 0.1                 3.1 CNET1
 2020  125 0452 20.9  L  38.452  39.270 10.7  HKR  6 0.2                 1.9 CNET1
 2020  125 0454 24.5  L  38.345  39.120 14.4  HKR  6 0.3                 2.0 CNET1
 2020  125 0458 38.0  L  38.432  39.235  8.2  HKR  7 0.2                 2.5 CNET1
 2020  125 0500 14.5  L  38.363  39.100  2.0  HKR  7 0.1                 2.4 CNET1
 2020  125 0501 41.6  L  38.274  38.794  8.1  HKR  9 0.2                 1.9 CNET1
 2020  125 0505 27.5  L  38.443  39.211 11.6  HKR 10 0.3                 2.1 CNET1
 2020  125 0508 29.7  L  38.464  39.361  9.7  HKR 15 0.2                 3.0 CNET1
 2020  125 0511 12.4  L  38.279  38.764  5.0  HKR 15 0.2                 2.4 CNET1
 2020  125 0516 25.0  L  38.293  38.878 10.9  HKR  9 0.2                 2.4 CNET1
 2020  125 0522  9.2  L  38.507  39.342 12.2  HKR 11 0.2                 2.4 CNET1
 2020  125 0523 51.6  L  38.345  38.979 14.0  HKR  7 0.2                 1.9 CNET1
 2020  125 0525 11.4  L  38.397  39.168  8.6  HKR  5 0.1                 2.3 CNET1
 2020  125 0529 21.3  L  38.487  39.199  6.7  HKR 10 0.2                 2.9 CNET1
 2020  125 0530 33.7  L  38.473  39.307 13.5  HKR 11 0.1                 3.2 CNET1
 2020  125 0532  6.0  L  38.472  39.379  7.9  HKR  6 0.2                 2.5 CNET1
 2020  125 0534 19.9  L  38.411  39.159  2.8  HKR  6 0.1                 2.3 CNET1
 2020  125 0549 48.4  L  38.485  39.309 10.4  HKR  9 0.2                 2.2 CNET1
 2020  125 0553 47.4  L  38.290  38.784 10.0  HKR  7 0.2                 1.7 CNET1
 2020  125 0600 45.2  L  38.395  39.107 12.7  HKR  7 0.1                 1.6 CNET1
 2020  125 0604 49.5  L  38.332  38.843  8.1  HKR 12 0.2                 1.8 CNET1
 2020  125 0607 33.00 L  38.352  39.076  7.0  HKR 16 0.2                 4.2 CNET1
 2020  125 0620 23.5  L  38.302  38.874 14.1  HKR  6 0.3                 2.3 CNET1
 2020  125 0629 34.8  L  38.314  38.949 11.9  HKR 12 0.1                 2.7 CNET1
 2020  125 0631 13.9  L  38.375  39.119  8.7  HKR  6 0.1                 2.7 CNET1
 2020  125 0631 50.9  L  38.264  38.724 13.5  HKR 13 0.2                 3.0 CNET1
 2020  125 0636 13.7  L  38.400  39.136 14.2  HKR  6 0.1                 2.1 CNET1
 2020  125 0639 33.5  L  38.299  38.957  7.0  HKR 15 0.2                 2.5 CNET1
 2020  125 0643 12.2  L  38.278  38.794  1.7  HKR 11 0.1                 2.6 CNET1
 2020  125 0648  2.9  L  38.313  39.011 10.7  HKR  7 0.2                 1.8 CNET1
 2020  125 0653 53.5  L  38.257  38.731 11.8  HKR 10 0.2                 2.1 CNET1
 2020  125 0654 56.6  L  38.358  39.212  2.8  HKR  6 0.1                 2.3 CNET1
 2020  125 0701 54.5  L  38.412  39.177  7.6  HKR  5 0.2                 1.9 CNET1
 2020  125 0706 18.1  L  38.275  38.942  8.4  HKR 14 0.2                 2.4 CNET1
 2020  125 0708 48.3  L  38.465  39.267  9.9  HKR 12 0.2                 2.4 CNET1
 2020  125 0737 15.5  L  38.460  39.054 17.9  HKR  8 0.1                 2.6 CNET1
 2020  125 0743 47.9  L  38.403  39.145  8.8  HKR 10 0.1                 2.2 CNET1
 2020  125 0745 58.6  L  38.437  39.255  7.8  HKR  7 0.2                 2.8 CNET1
 2020  125 0747 24.5  L  38.372  39.138  4.4  HKR  6 0.2                 2.5 CNET1
 2020  125 0748  9.3  L  38.438  39.160 16.1  HKR  6 0.2                 2.2 CNET1
 2020  125 0755 30.2  L  38.473  39.515 12.3  HKR 10 0.2                 2.8 CNET1
 2020  125 0800 42.8  L  38.395  39.161  9.0  HKR 13 0.1                 2.5 CNET1
 2020  125 0802 35.0  L  38.313  38.839 11.3  HKR 13 0.1                 3.7 CNET1
 2020  125 0816 13.3  L  38.322  39.036 12.9  HKR  5 0.2                 1.9 CNET1
 2020  125 0821 13.8  L  38.226  38.792  0.6  HKR 13 0.1                 3.8 CNET1
 2020  125 0821 14.3  L  38.229  38.772  5.8  HKR 12 0.2                 3.8 CNET1
 2020  125 0833 25.3  L  38.405  39.214 10.2  HKR  8 0.2                 2.4 CNET1
 2020  125 0834 43.9  L  38.323  38.856 14.9  HKR  8 0.2                 2.4 CNET1
 2020  125 0837 43.4  L  38.377  39.039 13.8  HKR  9 0.1                 2.0 CNET1
 2020  125 0840  3.40 L  38.470  39.302 12.64 HKR 16 0.2                 4.3 CNET1
 2020  125 0844 39.3  L  38.381  39.132  6.1  HKR 10 0.1                 2.8 CNET1
 2020  125 0848 21.0  L  38.348  39.093  4.1  HKR  5 0.1                 1.6 CNET1
 2020  125 0850 42.2  L  38.369  39.056 12.3  HKR  9 0.1                 1.7 CNET1
 2020  125 0853 30.0  L  38.491  39.300 11.9  HKR  7 0.2                 1.7 CNET1
 2020  125 0854  8.50 L  38.315  38.853 11.73 HKR 12 0.1                 2.7 CNET1
 2020  125 0856 22.5  L  38.281  38.792  4.2  HKR 10 0.2                 1.9 CNET1
 2020  125 0859 49.10 L  38.329  39.089 10.53 HKR  9 0.2                 2.8 CNET1
 2020  125 0901  9.2  L  38.386  39.017 15.6  HKR 11 0.3                 2.3 CNET1
 2020  125 0912 11.00 L  38.249  38.779  1.2  HKR 13 0.1                 3.2 CNET1
 2020  125 0919  8.7  L  38.270  38.774 14.2  HKR  7 0.2                 1.8 CNET1
 2020  125 0920 28.7  L  38.296  38.820 12.7  HKR 11 0.2                 2.6 CNET1
 2020  125 0923 31.7  L  38.507  39.298 11.0  HKR  8 0.2                 2.2 CNET1
 2020  125 0925 17.2  L  38.373  39.068  7.0  HKR  7 0.3                 2.2 CNET1
 2020  125 0929 25.6  L  38.214  38.951 13.3  HKR  7 0.3                 2.2 CNET1
 2020  125 0939 34.7  L  38.330  38.838 13.3  HKR 14 0.2                 3.9 CNET1
 2020  125 0946 32.3  L  38.299  38.727 15.4  HKR  4 0.2                 2.0 CNET1
 2020  125 0947 37.7  L  38.388  39.099  2.5  HKR  6 0.1                 1.7 CNET1
 2020  125 0953 55.2  L  38.331  38.921 13.5  HKR  9 0.2                 2.1 CNET1
 2020  125 0957 27.0  L  38.297  38.794  8.7  HKR 13 0.2                 2.2 CNET1
 2020  125 1001 57.2  L  38.363  39.069  9.7  HKR 10 0.2                 1.7 CNET1
 2020  125 1005  4.6  L  38.385  39.114  7.8  HKR 10 0.2                 1.7 CNET1
 2020  125 1011 41.9  L  38.265  38.781  7.2  HKR 17 0.2                 2.5 CNET1
 2020  125 1014 22.0  L  38.262  38.793 11.8  HKR  9 0.2                 2.0 CNET1
 2020  125 1014 55.5  L  38.257  38.785  0.2  HKR 22 0.2                 4.5 CNET1
 2020  125 1023 47.8  L  38.184  38.803  7.9  HKR 12 0.2                 3.0 CNET1
 2020  125 1030  8.1  L  38.468  39.356  2.0  HKR 10 0.2                 2.5 CNET1
 2020  125 1033  5.7  L  38.280  38.794 17.1  HKR  7 0.3                 2.1 CNET1
 2020  125 1034 34.60 L  38.460  39.369 10.27 HKR  7 0.2                 3.0 CNET1
 2020  125 1035  4.70 L  38.485  39.337 10.80 HKR  7 0.1                 2.8 CNET1
 2020  125 1036 39.10 L  38.364  39.120  3.54 HKR 13 0.2                 2.7 CNET1
 2020  125 1037 20.3  L  38.431  39.237 10.0  HKR  4 0.1                 2.4 CNET1
 2020  125 1037 50.2  L  38.384  39.085  2.0  HKR  6 0.3                 2.0 CNET1
 2020  125 1042 27.3  L  38.366  39.119  6.0  HKR 13 0.1                 3.0 CNET1
 2020  125 1049  4.90 L  38.312  38.883  9.40 HKR 14 0.1                 3.4 CNET1
 2020  125 1109 11.5  L  38.362  39.053 12.7  HKR  6 0.1                 1.5 CNET1
 2020  125 1111 13.4  L  38.272  38.839 12.9  HKR  9 0.3                 1.7 CNET1
 2020  125 1112 52.9  L  38.381  39.094 10.7  HKR 11 0.3                 1.6 CNET1
 2020  125 1113 30.4  L  38.318  38.946 10.9  HKR 12 0.1                 2.6 CNET1
 2020  125 1133 32.7  L  38.492  39.310 11.8  HKR 16 0.2                 3.2 CNET1
 2020  125 1140  7.5  L  38.467  39.272 11.8  HKR  8 0.2                 2.2 CNET1
 2020  125 1142 28.1  L  38.432  39.207  8.7  HKR 12 0.2                 2.2 CNET1
 2020  125 1144  6.8  L  38.321  38.917 16.8  HKR 14 0.2                 2.3 CNET1
 2020  125 1146 43.0  L  38.360  39.109  4.8  HKR 14 0.1                 3.2 CNET1
 2020  125 1204 26.3  L  38.369  39.106  6.4  HKR  7 0.2                 2.0 CNET1
 2020  125 1207 10.6  L  38.444  39.225  9.9  HKR  9 0.2                 2.5 CNET1
 2020  125 1208 35.8  L  38.262  38.858  1.4  HKR 12 0.2                 3.2 CNET1
 2020  125 1208 36.2  L  38.271  38.852 10.8  HKR 16 0.2                 3.2 CNET1
 2020  125 1209 29.6  L  38.387  39.127  4.2  HKR  7 0.2                 2.5 CNET1
 2020  125 1213 12.2  L  38.269  38.790  1.9  HKR 13 0.3                 2.8 CNET1
 2020  125 1213 40.1  L  38.375  39.105 10.0  HKR  8 0.3                 2.3 CNET1
 2020  125 1215 49.8  L  38.277  38.842 16.5  HKR  6 0.2                 1.8 CNET1
 2020  125 1216 47.6  L  38.481  39.294  0.4  HKR  8 0.1                 2.1 CNET1
 2020  125 1229 58.9  L  38.440  39.235  9.4  HKR  6 0.0                 2.1 CNET1
 2020  125 1234 15.8  L  38.353  39.090  4.6  HKR  8 0.2                 2.4 CNET1
 2020  125 1239 37.2  L  38.289  38.753  5.9  HKR  6 0.1                 2.4 CNET1
 2020  125 1242 29.6  L  38.443  39.234  5.8  HKR 11 0.2                 2.4 CNET1
 2020  125 1246  8.4  L  38.409  39.221  6.6  HKR  5 0.1                 2.6 CNET1
 2020  125 1246 55.2  L  38.327  39.005  9.2  HKR  6 0.2                 2.2 CNET1
 2020  125 1256 32.1  L  38.459  39.345  3.6  HKR  7 0.1                 2.8 CNET1
 2020  125 1301  8.00 L  38.287  38.959  1.85 HKR 12 0.2                 3.0 CNET1
 2020  125 1301  8.3  L  38.303  38.955 10.7  HKR 16 0.2                 2.9 CNET1
 2020  125 1304  8.7  L  38.365  39.008 12.1  HKR  8 0.2                 1.6 CNET1
 2020  125 1310 54.5  L  38.408  38.963 16.5  HKR 10 0.2                 2.4 CNET1
 2020  125 1318  2.9  L  38.498  39.342  8.7  HKR  8 0.2                 2.2 CNET1
 2020  125 1320 36.20 L  38.253  38.779  6.8  HKR 13 0.1                 3.5 CNET1
 2020  125 1330 45.2  L  38.412  39.210 11.8  HKR 10 0.2                 2.4 CNET1
 2020  125 1332 21.1  L  38.418  39.205  8.5  HKR 11 0.2                 2.5 CNET1
 2020  125 1334 43.7  L  38.487  39.302 11.5  HKR  7 0.1                 1.6 CNET1
 2020  125 1349  1.80 L  38.242  38.773 12.68 HKR 13 0.2                 2.8 CNET1
 2020  125 1350 34.7  L  38.421  39.127 10.1  HKR  5 0.2                 1.8 CNET1
 2020  125 1351 11.1  L  38.521  39.340 12.0  HKR  6 0.2                 1.5 CNET1
 2020  125 1353 30.3  L  38.248  38.762 12.4  HKR 14 0.1                 3.0 CNET1
 2020  125 1403 31.9  L  38.315  38.965 12.1  HKR 14 0.1                 2.5 CNET1
 2020  125 1411 31.8  L  38.304  38.800  7.9  HKR 11 0.2                 2.1 CNET1
 2020  125 1426 25.8  L  38.441  39.175  2.8  HKR  9 0.2                 2.1 CNET1
 2020  125 1434 42.8  L  38.336  38.958 11.9  HKR 12 0.2                 2.7 CNET1
 2020  125 1437 34.6  L  38.280  38.773  9.4  HKR 13 0.3                 2.2 CNET1
 2020  125 1449 17.8  L  38.379  39.112  1.0  HKR  5 0.2                 1.9 CNET1
 2020  125 1501 16.8  L  38.250  38.864  5.7  HKR  8 0.2                 2.4 CNET1
 2020  125 1503 13.7  L  38.418  39.221  5.8  HKR  6 0.1                 1.9 CNET1
 2020  125 1503 56.2  L  38.331  38.921  9.1  HKR  7 0.2                 1.8 CNET1
 2020  125 1518  5.8  L  38.364  39.084  8.4  HKR 11 0.1                 2.7 CNET1
 2020  125 1521 33.8  L  38.278  38.787  7.1  HKR 14 0.2                 2.6 CNET1
 2020  125 1522 42.6  L  38.361  39.079  2.0  HKR 15 0.2                 2.9 CNET1
 2020  125 1525 47.7  L  38.491  39.321  8.9  HKR  8 0.2                 2.3 CNET1
 2020  125 1540 32.1  L  38.425  39.286  9.6  HKR  7 0.1                 1.9 CNET1
 2020  125 1543 43.4  L  38.349  39.062  4.3  HKR  6 0.2                 1.6 CNET1
 2020  125 1548 38.4  L  38.460  39.297 11.0  HKR  7 0.2                 2.0 CNET1
 2020  125 1611 13.8  L  38.245  38.760 13.4  HKR  9 0.2                 1.5 CNET1
 2020  125 1612 50.1  L  38.304  38.943 14.3  HKR  8 0.2                 1.9 CNET1
 2020  125 1620 44.4  L  38.273  38.821 12.3  HKR  9 0.2                 1.8 CNET1
 2020  125 1621 54.0  L  38.241  38.749  1.6  HKR  7 0.2                 1.9 CNET1
 2020  125 1630  8.30 L  38.389  39.129  1.72 HKR 17 0.2                 5.1 CNET1
 2020  125 1631 47.5  L  38.389  39.134  3.0  HKR  8 0.2                 3.1 CNET1
 2020  125 1635 28.2  L  38.378  39.141  6.3  HKR  6 0.2                 2.3 CNET1
 2020  125 1644  1.0  L  38.412  39.143  7.0  HKR 20 0.2                 4.4 CNET1
 2020  125 1644 22.5  L  38.389  39.147  6.6  HKR  6 0.1                 4.3 CNET1
 2020  125 1645  6.20 L  38.385  39.127  1.43 HKR  9 0.1                 3.7 CNET1
 2020  125 1646 57.70 L  38.381  39.116  2.04 HKR 17 0.2                 4.4 CNET1
 2020  125 1646 57.9  L  38.384  39.116  3.0  HKR 12 0.2                 4.3 CNET1
 2020  125 1650 53.5  L  38.423  39.312  5.6  HKR  6 0.3                 2.1 CNET1
 2020  125 1703 28.6  L  38.366  39.091  2.2  HKR  7 0.2                 2.3 CNET1
 2020  125 1709  0.2  L  38.465  39.304 11.5  HKR  6 0.2                 2.4 CNET1
 2020  125 1712 40.5  L  38.436  39.210  4.2  HKR  6 0.1                 1.6 CNET1
 2020  125 1715 24.0  L  38.386  39.162 12.2  HKR  7 0.2                 1.8 CNET1
 2020  125 1716 38.9  L  38.367  39.093  6.1  HKR 13 0.1                 2.2 CNET1
 2020  125 1725  4.00 L  38.391  39.161 11.14 HKR 21 0.1                 3.7 CNET1
 2020  125 1731  0.1  L  38.341  39.012  3.3  HKR  8 0.2                 1.9 CNET1
 2020  125 1733 57.5  L  38.331  39.038  8.1  HKR  7 0.1                 2.0 CNET1
 2020  125 1743 52.6  L  38.434  39.350  3.3  HKR  6 0.0                 2.4 CNET1
 2020  125 1747 55.6  L  38.285  38.715 16.7  HKR  6 0.2                 2.4 CNET1
 2020  125 1748 29.8  L  38.448  39.241  8.8  HKR  9 0.2                 2.6 CNET1
 2020  125 1751 10.6  L  38.387  39.087  5.7  HKR  6 0.1                 1.5 CNET1
 2020  125 1800 24.1  L  38.449  39.315 14.9  HKR  7 0.1                 1.3 CNET1
 2020  125 1805 53.5  L  38.285  38.791 12.1  HKR 11 0.1                 2.9 CNET1
 2020  125 1807 10.2  L  38.376  39.188 12.1  HKR  6 0.2                 2.2 CNET1
 2020  125 1807 44.3  L  38.434  39.160 12.3  HKR  5 0.2                 2.3 CNET1
 2020  125 1808 28.6  L  38.287  38.818  4.3  HKR  6 0.2                 2.3 CNET1
 2020  125 1819 43.8  L  38.242  38.763 11.2  HKR 11 0.1                 2.6 CNET1
 2020  125 1820 11.4  L  38.240  38.759 11.9  HKR 14 0.2                 3.9 CNET1
 2020  125 1823  6.6  L  38.427  39.209  5.2  HKR  6 0.1                 2.0 CNET1
 2020  125 1832 41.2  L  38.332  38.914  9.2  HKR  5 0.2                 2.0 CNET1
 2020  125 1838 40.9  L  38.313  38.922  8.1  HKR  7 0.2                 2.2 CNET1
 2020  125 1848 36.2  L  38.361  39.043 10.9  HKR  7 0.2                 2.3 CNET1
 2020  125 1849 29.2  L  38.232  38.764  4.1  HKR  7 0.2                 2.5 CNET1
 2020  125 1853 17.5  L  38.394  39.148  6.1  HKR  7 0.1                 2.4 CNET1
 2020  125 1854 13.2  L  38.391  39.108  2.5  HKR  7 0.2                 2.3 CNET1
 2020  125 1857 33.7  L  38.385  39.089  9.1  HKR  6 0.3                 2.0 CNET1
 2020  125 1909 49.7  L  38.435  39.230  8.2  HKR 12 0.2                 2.9 CNET1
 2020  125 1917 16.9  L  38.392  39.143  8.0  HKR 15 0.2                 3.0 CNET1
 2020  125 1918 25.3  L  38.398  39.197 11.8  HKR 15 0.2                 3.0 CNET1
 2020  125 1934  9.7  L  38.377  39.278  9.6  HKR  6 0.1                 1.8 CNET1
 2020  125 1935  8.5  L  38.272  38.794  6.6  HKR 12 0.2                 2.6 CNET1
 2020  125 1941 16.8  L  38.487  39.379  7.1  HKR  8 0.2                 1.7 CNET1
 2020  125 1958 24.6  L  38.383  39.165  5.0  HKR 14 0.2                 2.8 CNET1
 2020  125 1959 56.7  L  38.410  39.209  8.4  HKR  6 0.0                 1.9 CNET1
 2020  125 2009 12.9  L  38.243  38.763 10.9  HKR 12 0.2                 2.6 CNET1
 2020  125 2011 30.3  L  38.314  38.871  9.8  HKR 12 0.2                 2.6 CNET1
 2020  125 2012  9.5  L  38.384  39.114  2.4  HKR  6 0.2                 2.4 CNET1
 2020  125 2014 20.3  L  38.407  39.195 10.3  HKR  9 0.2                 2.0 CNET1
 2020  125 2021 10.30 L  38.292  38.796 11.97 HKR 12 0.1                 2.6 CNET1
 2020  125 2027 54.1  L  38.241  38.768 12.6  HKR 11 0.2                 2.6 CNET1
 2020  125 2033  6.2  L  38.415  39.200  5.4  HKR  7 0.2                 2.1 CNET1
 2020  125 2033 37.80 L  38.459  39.350 10.10 HKR 16 0.2                 3.4 CNET1
 2020  125 2037 49.9  L  38.382  39.148  9.2  HKR 13 0.1                 2.7 CNET1
 2020  125 2038 51.6  L  38.393  39.140  2.1  HKR 14 0.2                 2.7 CNET1
 2020  125 2042 37.9  L  38.403  39.137  1.8  HKR  7 0.2                 2.0 CNET1
 2020  125 2048 40.5  L  38.326  38.940 15.5  HKR  9 0.2                 2.3 CNET1
 2020  125 2050  3.8  L  38.305  38.817 12.9  HKR  9 0.1                 2.2 CNET1
 2020  125 2051 38.50 L  38.381  39.147 12.35 HKR 13 0.2                 3.2 CNET1
 2020  125 2058 51.5  L  38.364  39.096  2.1  HKR  8 0.2                 1.6 CNET1
 2020  125 2120 15.3  L  38.473  39.385  9.2  HKR  7 0.2                 2.0 CNET1
 2020  125 2121  9.7  L  38.343  39.088  4.6  HKR  6 0.1                 2.0 CNET1
 2020  125 2131 10.8  L  38.244  38.894  1.5  HKR 18 0.2                 2.7 CNET1
 2020  125 2132  1.3  L  38.260  38.884 11.5  HKR  6 0.2                 2.0 CNET1
 2020  125 2143 43.2  L  38.258  38.828  4.5  HKR 12 0.1                 2.6 CNET1
 2020  125 2152 32.0  L  38.422  39.167  7.3  HKR  7 0.1                 1.7 CNET1
 2020  125 2155  2.8  L  38.451  39.234  7.1  HKR  7 0.1                 1.7 CNET1
 2020  125 2156 23.2  L  38.404  39.128  3.5  HKR  7 0.1                 1.5 CNET1
 2020  125 2204 25.9  L  38.378  39.083  0.3  HKR  6 0.2                 1.7 CNET1
 2020  125 2214 20.6  L  38.405  39.235 11.0  HKR  6 0.3                 1.6 CNET1
 2020  125 2222 57.2  L  38.258  38.765 16.5  HKR  7 0.2                 1.9 CNET1
 2020  125 2226 34.9  L  38.339  39.004  4.1  HKR  8 0.2                 2.1 CNET1
 2020  125 2228 18.2  L  38.377  39.090  5.8  HKR  6 0.1                 1.6 CNET1
 2020  125 2229 28.9  L  38.417  39.184  9.7  HKR  6 0.1                 1.7 CNET1
 2020  125 2233  5.1  L  38.300  38.853 13.7  HKR  9 0.2                 1.5 CNET1
 2020  125 2233 40.7  L  38.343  39.002 13.8  HKR  8 0.1                 1.5 CNET1
 2020  125 2236 20.4  L  38.256  38.733  9.2  HKR  7 0.3                 1.3 CNET1
 2020  125 2241 52.2  L  38.452  39.277  8.8  HKR 12 0.2                 1.8 CNET1
 2020  125 2253 38.8  L  38.272  38.864  6.5  HKR  5 0.1                 1.7 CNET1
 2020  125 2259 15.6  L  38.370  39.115  4.1  HKR  6 0.1                 2.0 CNET1
 2020  125 2307 59.3  L  38.415  39.228  7.2  HKR  7 0.2                 1.6 CNET1
 2020  125 2311 46.3  L  38.462  39.223  7.2  HKR  6 0.2                 2.2 CNET1
 2020  125 2315  0.7  L  38.453  39.238  9.2  HKR  6 0.1                 1.6 CNET1
 2020  125 2316 14.7  L  38.431  39.259  8.8  HKR  6 0.1                 1.6 CNET1
 2020  125 2318 40.7  L  38.492  39.316 10.7  HKR  8 0.1                 1.9 CNET1
 2020  125 2331 15.0  L  38.391  39.183 10.2  HKR  5 0.1                 1.6 CNET1
 2020  125 2332 40.6  L  38.375  39.096  9.9  HKR  9 0.2                 2.4 CNET1
 2020  125 2335 15.7  L  38.409  39.158 12.4  HKR  8 0.2                 2.1 CNET1
 2020  125 2337 24.3  L  38.248  38.786 14.3  HKR  8 0.3                 1.5 CNET1
 2020  125 2343 50.3  L  38.363  39.074 10.0  HKR 14 0.2                 2.4 CNET1
 2020  125 2344 59.0  L  38.388  39.121  3.1  HKR  6 0.2                 1.9 CNET1
 2020  125 2350 49.4  L  38.355  39.103  1.6  HKR 11 0.1                 2.6 CNET1
 2020  126 0000 18.3  L  38.372  39.106  6.8  HKR  7 0.1                 2.0 CNET1
 2020  126 0013 49.9  L  38.425  39.228  6.8  HKR  6 0.2                 1.7 CNET1
 2020  126 0016 23.2  L  38.429  39.273 11.7  HKR  6 0.1                 1.9 CNET1
 2020  126 0018  0.7  L  38.386  39.129  4.3  HKR 16 0.1                 3.2 CNET1
 2020  126 0025 51.4  L  38.391  39.168 10.0  HKR  6 0.0                 1.3 CNET1
 2020  126 0028 37.60 L  38.416  39.250 12.31 HKR 19 0.2                 3.6 CNET1
 2020  126 0044 19.2  L  38.375  39.096 11.0  HKR  7 0.2                 2.5 CNET1
 2020  126 0045 26.8  L  38.458  39.472 17.7  HKR  7 0.2                 2.4 CNET1
 2020  126 0051 22.9  L  38.396  39.141  2.1  HKR  6 0.1                 1.7 CNET1
 2020  126 0056 28.2  L  38.452  39.224  7.5  HKR  6 0.1                 1.6 CNET1
 2020  126 0105 46.8  L  38.392  39.146  6.4  HKR  7 0.1                 2.4 CNET1
 2020  126 0110 21.6  L  38.444  39.236  8.6  HKR 16 0.2                 3.0 CNET1
 2020  126 0113 26.7  L  38.424  39.216  5.5  HKR  7 0.2                 2.2 CNET1
 2020  126 0115 59.0  L  38.359  39.112  4.1  HKR  7 0.2                 2.1 CNET1
 2020  126 0121 38.9  L  38.407  39.150  2.8  HKR  7 0.2                 2.0 CNET1
 2020  126 0129 19.1  L  38.380  39.105  1.3  HKR  6 0.1                 1.7 CNET1
 2020  126 0133 58.8  L  38.429  39.095 15.4  HKR  8 0.2                 1.3 CNET1
 2020  126 0135 49.5  L  38.364  39.127 10.2  HKR  5 0.0                 1.4 CNET1
 2020  126 0141 55.2  L  38.298  38.916 12.9  HKR 10 0.3                 2.5 CNET1
 2020  126 0159 22.20 L  38.389  39.110  7.7  HKR 13 0.2                 2.6 CNET1
 2020  126 0208 35.1  L  38.382  39.169  3.0  HKR  7 0.1                 1.6 CNET1
 2020  126 0217 15.1  L  38.448  39.264 10.3  HKR 17 0.2                 3.2 CNET1
 2020  126 0222 20.8  L  38.458  39.356  9.8  HKR  6 0.1                 2.4 CNET1
 2020  126 0222 45.10 L  38.243  38.806  0.5  HKR 17 0.2                 4.3 CNET1
 2020  126 0240 39.5  L  38.239  38.805  4.1  HKR 10 0.3                 1.6 CNET1
 2020  126 0247 28.4  L  38.438  39.244  8.8  HKR 18 0.2                 3.7 CNET1
 2020  126 0250 44.1  L  38.279  38.827  4.0  HKR  7 0.4                 2.5 CNET1
 2020  126 0300 28.10 L  38.238  38.807  8.71 HKR 14 0.2                 3.1 CNET1
 2020  126 0304 26.0  L  38.426  39.245  9.6  HKR  6 0.2                 2.3 CNET1
 2020  126 0311 27.0  L  38.404  39.158  9.0  HKR  7 0.2                 2.2 CNET1
 2020  126 0321 26.6  L  38.285  38.985  4.3  HKR  5 0.2                 1.5 CNET1
 2020  126 0323 20.9  L  38.431  39.288 11.7  HKR  6 0.1                 1.9 CNET1
 2020  126 0332  7.60 L  38.448  39.250 10.07 HKR 17 0.2                 3.5 CNET1
 2020  126 0338 41.1  L  38.432  39.279  7.9  HKR  6 0.2                 2.1 CNET1
 2020  126 0344 28.4  L  38.420  39.249  9.4  HKR  6 0.2                 1.9 CNET1
 2020  126 0353 10.9  L  38.283  38.931  2.0  HKR 17 0.1                 3.0 CNET1
 2020  126 0358 40.3  L  38.446  39.252  9.2  HKR 15 0.2                 3.1 CNET1
 2020  126 0403 44.1  L  38.422  39.245  9.4  HKR  6 0.2                 2.3 CNET1
 2020  126 0407 11.0  L  38.241  38.814  8.2  HKR  5 0.2                 2.3 CNET1
 2020  126 0409 56.2  L  38.371  39.095  1.1  HKR  7 0.1                 2.4 CNET1
 2020  126 0415  7.6  L  38.310  38.868  8.6  HKR  5 0.2                 1.5 CNET1
 2020  126 0428 14.1  L  38.427  39.280 11.7  HKR  6 0.1                 1.9 CNET1
 2020  126 0431 10.2  L  38.429  39.248 10.4  HKR 11 0.1                 1.8 CNET1
 2020  126 0447  8.00 L  38.448  39.282 13.27 HKR 12 0.2                 2.7 CNET1
 2020  126 0450 29.8  L  38.393  39.112  2.6  HKR  7 0.2                 1.8 CNET1
 2020  126 0457 58.7  L  38.324  38.912 10.2  HKR  6 0.1                 2.1 CNET1
 2020  126 0511 38.9  L  38.352  39.091  3.9  HKR 15 0.2                 3.1 CNET1
 2020  126 0515  2.2  L  38.450  39.337 10.4  HKR  8 0.1                 2.3 CNET1
 2020  126 0516 11.9  L  38.463  39.345  5.0  HKR 11 0.2                 2.9 CNET1
 2020  126 0523 32.2  L  38.437  39.340 11.8  HKR  6 0.1                 2.3 CNET1
 2020  126 0537 15.0  L  38.392  39.164  8.6  HKR  9 0.1                 2.0 CNET1
 2020  126 0549 20.1  L  38.458  39.254  9.7  HKR 13 0.2                 1.8 CNET1
 2020  126 0550 51.2  L  38.319  38.875  4.8  HKR  7 0.1                 1.5 CNET1
 2020  126 0559 23.0  L  38.491  39.324  5.7  HKR 13 0.2                 2.4 CNET1
 2020  126 0601 30.8  L  38.250  38.815  4.1  HKR 16 0.2                 2.0 CNET1
 2020  126 0611 12.8  L  38.409  39.131  9.2  HKR 13 0.2                 2.0 CNET1
 2020  126 0616 55.2  L  38.399  39.132  7.3  HKR 15 0.2                 2.1 CNET1
 2020  126 0618 50.7  L  38.497  39.339  6.9  HKR  6 0.2                 1.4 CNET1
 2020  126 0625 15.7  L  38.275  38.794 12.4  HKR  7 0.2                 1.6 CNET1
 2020  126 0638 39.8  L  38.439  39.213  7.9  HKR  7 0.2                 1.7 CNET1
 2020  126 0640 31.3  L  38.326  38.944 12.3  HKR  9 0.2                 2.0 CNET1
 2020  126 0649 37.3  L  38.330  38.946 17.8  HKR 10 0.2                 1.9 CNET1
 2020  126 0703 58.9  L  38.450  39.249 10.0  HKR 16 0.2                 2.3 CNET1
 2020  126 0708 37.8  L  38.363  39.004 13.8  HKR 16 0.1                 2.3 CNET1
 2020  126 0711 53.8  L  38.461  39.306  4.3  HKR 10 0.2                 2.0 CNET1
 2020  126 0712 32.8  L  38.377  39.026 11.7  HKR 12 0.3                 2.0 CNET1
 2020  126 0723 27.2  L  38.450  39.254  6.7  HKR 15 0.2                 2.5 CNET1
 2020  126 0734 16.0  L  38.335  38.969 12.5  HKR 13 0.1                 1.9 CNET1
 2020  126 0737 59.7  L  38.451  39.317  6.9  HKR 10 0.1                 1.8 CNET1
 2020  126 0804 46.2  L  38.439  39.262  5.6  HKR 15 0.2                 2.5 CNET1
 2020  126 0807 20.5  L  38.489  39.157 12.1  HKR  9 0.2                 2.2 CNET1
 2020  126 0807 59.90 L  38.323  38.902 18.5  HKR  8 0.2                 2.9 CNET1
 2020  126 0808  1.4  L  38.290  38.781 12.5  HKR 17 0.2                 2.9 CNET1
 2020  126 0815 57.8  L  38.401  39.170 12.5  HKR  7 0.2                 1.8 CNET1
 2020  126 0837 29.9  L  38.280  38.951  5.1  HKR  9 0.3                 1.8 CNET1
 2020  126 0838 57.0  L  38.287  38.950  2.0  HKR 11 0.2                 2.6 CNET1
 2020  126 0851 25.5  L  38.252  38.830  4.0  HKR 11 0.2                 2.1 CNET1
 2020  126 0902 46.1  L  38.454  39.242  6.7  HKR  7 0.1                 1.5 CNET1
 2020  126 0918 21.4  L  38.258  38.989  1.3  HKR 11 0.2                 3.0 CNET1
 2020  126 0922 40.3  L  38.248  38.787  6.2  HKR 16 0.2                 3.4 CNET1
 2020  126 0931  3.7  L  38.394  39.142  7.4  HKR  6 0.0                 1.4 CNET1
 2020  126 0936 55.20 L  38.420  39.220  8.4  HKR 13 0.2                 3.7 CNET1
 2020  126 0940 26.5  L  38.395  39.211 11.9  HKR  6 0.1                 1.8 CNET1
 2020  126 0940 56.7  L  38.439  39.242  5.6  HKR 13 0.2                 2.5 CNET1
 2020  126 0942 10.8  L  38.373  39.043  9.6  HKR 11 0.2                 2.3 CNET1
 2020  126 0957 46.1  L  38.274  38.807  3.9  HKR 12 0.2                 1.8 CNET1
 2020  126 1003 18.2  L  38.463  39.339 11.5  HKR  9 0.2                 1.5 CNET1
 2020  126 1012 17.8  L  38.392  39.162  9.0  HKR 16 0.2                 4.1 CNET1
 2020  126 1017  4.0  L  38.462  39.254  9.3  HKR  7 0.1                 1.7 CNET1
 2020  126 1032 17.4  L  38.381  39.131  2.1  HKR 10 0.1                 1.5 CNET1
 2020  126 1033 14.5  L  38.392  39.131  5.8  HKR 15 0.2                 2.4 CNET1
 2020  126 1039 14.30 L  38.394  39.162  6.33 HKR  9 0.2                 2.6 CNET1
 2020  126 1054 43.0  L  38.388  39.095  8.0  HKR 11 0.2                 1.9 CNET1
 2020  126 1055 26.4  L  38.407  39.207  6.7  HKR  8 0.1                 2.0 CNET1
 2020  126 1106 30.8  L  38.428  39.208  5.5  HKR  8 0.2                 1.4 CNET1
 2020  126 1112 12.2  L  38.443  39.252  9.8  HKR  8 0.1                 2.6 CNET1
 2020  126 1113 34.9  L  38.382  39.112  5.6  HKR  8 0.2                 1.7 CNET1
 2020  126 1114 23.9  L  38.386  39.152  9.4  HKR 16 0.1                 2.9 CNET1
 2020  126 1125 27.2  L  38.385  39.173  9.0  HKR  7 0.2                 1.7 CNET1
 2020  126 1131 31.6  L  38.245  38.780  0.2  HKR 19 0.1                 3.7 CNET1
 2020  126 1134 34.4  L  38.450  39.247 12.0  HKR  6 0.1                 1.5 CNET1
 2020  126 1142 34.3  L  38.420  39.243  5.8  HKR  8 0.1                 1.7 CNET1
 2020  126 1211 52.5  L  38.432  39.238  5.3  HKR 14 0.2                 2.4 CNET1
 2020  126 1217  2.6  L  38.488  39.322 12.2  HKR  8 0.1                 2.2 CNET1
 2020  126 1234 30.4  L  38.463  39.184  8.6  HKR  7 0.4                 1.5 CNET1
 2020  126 1240  5.4  L  38.319  38.923 12.8  HKR 10 0.2                 2.2 CNET1
 2020  126 1242  6.5  L  38.427  39.202  7.5  HKR  7 0.0                 1.5 CNET1
 2020  126 1249 43.5  L  38.422  39.284  3.8  HKR 12 0.2                 3.5 CNET1
 2020  126 1344 38.7  L  38.405  39.185  8.0  HKR  9 0.2                 2.7 CNET1
 2020  126 1441 42.50 L  38.366  39.071 10.82 HKR  8 0.2                 2.7 CNET1
 2020  126 1442 59.7  L  38.369  39.117  6.4  HKR 10 0.1                 2.6 CNET1
 2020  126 1451  2.30 L  38.259  38.787  1.90 HKR  9 0.2                 2.6 CNET1
 2020  126 1536 31.3  L  38.439  39.239 10.7  HKR 12 0.1                 3.5 CNET1
 2020  319 1753 34.0  L  38.3820 39.093  5.5  HKR 12 0.1                 5.0 CNET1
